0.00080,-0.01565,0.00177
-0.02679,-0.04655,-0.02574
-0.03099,-0.04254,-0.03435
-0.03195,-0.04463,-0.04359
-0.02735,-0.04410,-0.05908
-0.02389,-0.05095,-0.06336
-0.02195,-0.06584,-0.05964
-0.01955,-0.07376,-0.06101
-0.01685,-0.08268,-0.06293
-0.01444,-0.09474,-0.06110
-0.01319,-0.10841,-0.05817
-0.01150,-0.11856,-0.05681
-0.01066,-0.12888,-0.05655
-0.00991,-0.13907,-0.05536
-0.00930,-0.15124,-0.05271
-0.00827,-0.16648,-0.04821
-0.00788,-0.18071,-0.04474
-0.00579,-0.18683,-0.04274
-0.00426,-0.18770,-0.04048
-0.00346,-0.18733,-0.03815
-0.00330,-0.18523,-0.03612
-0.00286,-0.18298,-0.03436
-0.00076,-0.18042,-0.03434
0.00044,-0.17816,-0.03412
0.00288,-0.17688,-0.03318
0.00328,-0.17800,-0.02855
0.00411,-0.17835,-0.02479
0.00516,-0.17582,-0.02321
0.00645,-0.17460,-0.02090
0.00844,-0.17680,-0.01648
0.00871,-0.17827,-0.01114
0.01042,-0.17779,-0.00903
0.01221,-0.17704,-0.00683
0.01358,-0.17779,-0.00287
0.01488,-0.17817,0.00108
0.01570,-0.17769,0.00428
0.01762,-0.17841,0.00781
0.01899,-0.17854,0.01117
0.02070,-0.17918,0.01457
0.02228,-0.18109,0.01941
0.02386,-0.18416,0.02588
0.02561,-0.18515,0.02985
0.02610,-0.18292,0.03118
0.02800,-0.18003,0.03146
0.02996,-0.17922,0.03359
0.03109,-0.18008,0.03745
0.03081,-0.17942,0.04157
0.02954,-0.17879,0.04508
0.03135,-0.18087,0.05073
0.03294,-0.18249,0.05663
0.03575,-0.18505,0.06218
0.03793,-0.18584,0.06534
0.03988,-0.18786,0.06991
0.04117,-0.18789,0.07446
0.04134,-0.18871,0.07891
0.04209,-0.18765,0.08320
0.04367,-0.18815,0.08913
0.04564,-0.18796,0.09420
0.04856,-0.18915,0.10204
0.05041,-0.19045,0.10866
0.05093,-0.18917,0.11147
0.05104,-0.18717,0.11277
0.05045,-0.18327,0.11107
0.05019,-0.18112,0.11395
0.05065,-0.18004,0.11675
0.05629,-0.18693,0.12830
0.05952,-0.19249,0.14132
0.06307,-0.19734,0.15030
0.05888,-0.19014,0.14200
0.05773,-0.18521,0.13779
0.05641,-0.17888,0.13096
0.05902,-0.17293,0.12450
0.06092,-0.16904,0.12110
0.06341,-0.16920,0.12336
0.06420,-0.16913,0.12772
0.06622,-0.17146,0.13081
0.06852,-0.17350,0.13258
0.06917,-0.17237,0.13491
0.06940,-0.16993,0.13646
0.07094,-0.16956,0.13879
0.07273,-0.17184,0.14323
0.07424,-0.17228,0.14710
0.07627,-0.17285,0.15072
0.07765,-0.17581,0.15737
0.08153,-0.18146,0.16544
0.08585,-0.18833,0.17308
0.09039,-0.19321,0.18039
0.08919,-0.19260,0.18292
0.08876,-0.19108,0.18305
0.08911,-0.19057,0.18495
0.09030,-0.19167,0.18988
0.09089,-0.19160,0.19232
0.09144,-0.19142,0.19369
0.09255,-0.19294,0.19733
0.09755,-0.19794,0.20374
0.09996,-0.20941,0.21956
0.10159,-0.21712,0.23377
0.10273,-0.22110,0.24173
0.10253,-0.21166,0.23232
0.10160,-0.20506,0.22707
0.10145,-0.19977,0.22128
0.10286,-0.20085,0.22493
0.10428,-0.20215,0.22925
0.10505,-0.20311,0.23104
0.10714,-0.20915,0.23813
0.10888,-0.21248,0.24205
0.11084,-0.21790,0.24851
0.11349,-0.22243,0.25372
0.11517,-0.22253,0.25488
0.11658,-0.21882,0.25146
0.11652,-0.21111,0.24520
0.11761,-0.20898,0.24443
0.11913,-0.21158,0.24920
0.12020,-0.21573,0.25462
0.12113,-0.21963,0.26069
0.12092,-0.21935,0.26289
0.12072,-0.21679,0.26131
0.12065,-0.21293,0.25869
0.12080,-0.21392,0.26174
0.12371,-0.21819,0.26740
0.12395,-0.21769,0.26926
0.12573,-0.21481,0.26765
0.12861,-0.21437,0.26819
0.13156,-0.22504,0.28415
0.13257,-0.21898,0.27983
0.12657,-0.21046,0.27592
0.12202,-0.20571,0.27361
0.11961,-0.22102,0.29778
0.11301,-0.21419,0.29209
0.10292,-0.19380,0.27646
0.10651,-0.19186,0.27923
0.11534,-0.20100,0.28913
0.11970,-0.20897,0.29752
0.11928,-0.20862,0.29979
0.12335,-0.21396,0.30871
0.12748,-0.22172,0.31788
0.12887,-0.21694,0.31223
0.12947,-0.20637,0.30295
0.12977,-0.19996,0.30042
0.13346,-0.20471,0.30623
0.13397,-0.20398,0.30646
0.13510,-0.20036,0.30481
0.13661,-0.19733,0.30457
0.13675,-0.19469,0.30403
0.13585,-0.18888,0.29868
0.13525,-0.18282,0.29493
0.13627,-0.18050,0.29570
0.13648,-0.18144,0.29723
0.13199,-0.17146,0.29744
0.12871,-0.16232,0.29973
0.12808,-0.16527,0.30697
0.13128,-0.17173,0.31736
0.13140,-0.17237,0.32483
0.13104,-0.16619,0.32693
0.13030,-0.16314,0.32929
0.13233,-0.16912,0.33569
0.13636,-0.18120,0.34573
0.14038,-0.18613,0.35185
0.14146,-0.18517,0.35469
0.14239,-0.18210,0.35460
0.14363,-0.17944,0.35479
0.14648,-0.17755,0.35481
0.14935,-0.17434,0.35465
0.15249,-0.17137,0.35488
0.15493,-0.16832,0.35666
0.16035,-0.16809,0.36044
0.16545,-0.17087,0.36605
0.16418,-0.16736,0.36753
0.16569,-0.16352,0.36140
0.16762,-0.15981,0.36164
0.16729,-0.16075,0.36998
0.17025,-0.16345,0.38253
0.17141,-0.16847,0.39255
0.17064,-0.16887,0.39633
0.16999,-0.17207,0.40155
0.17201,-0.17521,0.40714
0.17608,-0.18043,0.41578
0.18070,-0.18815,0.42608
0.18895,-0.19620,0.43512
0.19271,-0.19756,0.43720
0.19664,-0.19245,0.43547
0.19959,-0.18874,0.43424
0.20293,-0.18564,0.43190
0.20348,-0.18043,0.42866
0.20331,-0.17218,0.42437
0.20461,-0.16608,0.42378
0.20564,-0.16535,0.42599
0.20474,-0.16391,0.42884
0.20404,-0.15910,0.43399
0.20529,-0.15800,0.43974
0.20590,-0.15898,0.44852
0.20705,-0.15452,0.45357
0.20941,-0.15033,0.45604
0.21163,-0.14964,0.46001
0.21249,-0.15311,0.46866
0.21374,-0.15459,0.47874
0.21491,-0.15373,0.48440
0.21603,-0.15384,0.48863
0.21772,-0.15193,0.48993
0.22087,-0.14981,0.49051
0.22451,-0.14750,0.49143
0.22702,-0.14585,0.49220
0.22982,-0.14622,0.49513
0.23229,-0.14789,0.49918
0.23461,-0.15015,0.50796
0.23684,-0.15283,0.51423
0.23957,-0.15361,0.51153
0.24218,-0.15025,0.51311
0.24124,-0.15004,0.51776
0.24262,-0.15752,0.53234
0.24366,-0.16303,0.54089
0.24199,-0.16332,0.54192
0.24270,-0.16607,0.54710
0.24419,-0.17523,0.55806
0.24793,-0.18509,0.56920
0.25311,-0.18846,0.57337
0.25866,-0.18982,0.57414
0.26393,-0.18961,0.57350
0.26820,-0.18631,0.57173
0.27082,-0.17594,0.56472
0.27227,-0.16692,0.56033
0.27340,-0.16043,0.55968
0.27361,-0.15658,0.56101
0.27348,-0.15420,0.56285
0.27283,-0.15398,0.56429
0.27334,-0.15121,0.56921
0.27629,-0.14630,0.57421
0.27736,-0.14622,0.58020
0.27805,-0.14402,0.58683
0.28103,-0.14497,0.59015
0.28328,-0.14691,0.59209
0.28598,-0.14747,0.59820
0.28808,-0.15089,0.60881
0.29062,-0.15302,0.61570
0.29215,-0.15256,0.61949
0.29305,-0.15144,0.62164
0.29616,-0.15156,0.62432
0.30019,-0.15156,0.62762
0.30392,-0.15076,0.63151
0.30750,-0.15089,0.63402
0.31076,-0.15111,0.63584
0.31412,-0.15015,0.63847
0.31808,-0.15405,0.64459
0.32184,-0.15789,0.64983
0.32551,-0.16056,0.65334
0.32754,-0.16228,0.66062
0.32961,-0.16494,0.67178
0.33089,-0.17282,0.68566
0.32809,-0.17496,0.68874
0.32742,-0.17545,0.68941
0.32794,-0.18198,0.69761
0.32879,-0.19227,0.71227
0.33125,-0.20439,0.72855
0.33804,-0.21096,0.73942
0.34840,-0.21563,0.74579
0.35614,-0.21751,0.74619
0.35857,-0.20860,0.73403
0.35987,-0.19520,0.72094
0.36093,-0.18402,0.71387
0.36286,-0.17799,0.71273
0.36276,-0.17058,0.71172
0.36189,-0.16543,0.71137
0.36113,-0.16307,0.71554
0.36273,-0.16130,0.72047
0.36364,-0.16204,0.72601
0.36514,-0.16420,0.73061
0.36727,-0.16408,0.73676
0.36748,-0.16416,0.74721
0.36639,-0.16831,0.76097
0.36757,-0.17212,0.76856
0.37114,-0.17150,0.77131
0.37263,-0.16791,0.77342
0.37514,-0.16921,0.77754
0.37934,-0.17039,0.77997
0.38451,-0.16758,0.78062
0.38860,-0.16423,0.78106
0.39019,-0.16142,0.78141
0.39370,-0.16181,0.78403
0.39926,-0.16453,0.79079
0.40253,-0.16826,0.79877
0.39937,-0.16701,0.80080
0.40027,-0.16546,0.80449
0.40120,-0.17160,0.81528
0.40614,-0.18572,0.83658
0.40319,-0.18873,0.84100
0.40110,-0.19305,0.84727
0.40311,-0.20359,0.86135
0.40722,-0.21640,0.87834
0.41765,-0.22669,0.89642
0.42606,-0.22978,0.90171
0.43321,-0.22961,0.89922
0.43963,-0.22927,0.89694
0.44509,-0.22626,0.89074
0.44707,-0.21541,0.87861
0.44534,-0.20570,0.87088
0.44227,-0.19651,0.86594
0.44160,-0.19043,0.86270
0.44321,-0.19136,0.86429
0.43934,-0.18908,0.86302
0.43448,-0.18569,0.86599
0.43483,-0.18607,0.87086
0.43776,-0.19331,0.88638
0.43941,-0.19450,0.89378
0.43798,-0.18491,0.89097
0.43918,-0.18835,0.89479
0.44341,-0.19814,0.91392
0.44746,-0.20617,0.92960
0.44960,-0.20798,0.93419
0.44948,-0.20280,0.92848
0.45084,-0.19842,0.92324
0.45472,-0.19692,0.92208
0.46157,-0.19727,0.92335
0.46720,-0.19587,0.92538
0.46706,-0.18897,0.92103
0.47038,-0.18738,0.92217
0.47787,-0.19579,0.93443
0.46848,-0.18730,0.93477
0.45916,-0.17114,0.92986
0.45843,-0.16362,0.93118
0.46264,-0.18303,0.95952
0.46891,-0.20405,0.98795
0.46102,-0.20545,0.98053
0.46140,-0.20841,0.98833
0.46065,-0.21645,1.01265
0.45938,-0.22298,1.03110
0.46240,-0.22403,1.03523
0.46922,-0.22307,1.02792
0.47820,-0.22091,1.01755
0.48602,-0.21974,1.00731
0.49038,-0.21023,0.99492
0.49075,-0.20040,0.98041
0.49152,-0.18975,0.97043
0.49612,-0.18615,0.96523
0.49514,-0.17775,0.95915
0.49038,-0.16466,0.95860
0.48772,-0.15887,0.96242
0.48823,-0.16913,0.97244
0.48968,-0.17473,0.98290
0.48900,-0.16831,0.98321
0.48987,-0.16028,0.98406
0.49129,-0.16350,0.99228
0.49325,-0.16758,1.00404
0.49496,-0.17087,1.01242
0.49571,-0.17214,1.01705
0.49648,-0.17111,1.01838
0.49759,-0.16890,1.01752
0.49981,-0.16544,1.01506
0.50329,-0.16201,1.01398
0.50629,-0.16028,1.01290
0.50921,-0.15833,1.01360
0.51295,-0.15768,1.01638
0.51609,-0.15953,1.02077
0.51614,-0.15925,1.02575
0.51503,-0.15565,1.03123
0.51542,-0.15731,1.03955
0.52184,-0.18231,1.06155
0.52753,-0.20006,1.08509
0.51944,-0.20441,1.09798
0.51244,-0.21396,1.11803
0.51557,-0.21857,1.13611
0.52103,-0.22273,1.14852
0.52914,-0.22683,1.15344
0.53653,-0.22821,1.14960
0.54288,-0.22595,1.13453
0.54979,-0.22365,1.12145
0.55510,-0.21969,1.11196
0.55584,-0.20932,1.10109
0.55068,-0.19582,1.08870
0.54673,-0.18641,1.08213
0.54956,-0.19098,1.08692
0.54907,-0.19459,1.09039
0.54327,-0.18627,1.09181
0.53801,-0.16737,1.09000
0.53611,-0.16351,1.09421
0.53573,-0.16149,1.10022
0.53594,-0.15816,1.10415
0.53764,-0.15963,1.11232
0.54027,-0.17624,1.12597
0.54297,-0.19367,1.13736
0.54468,-0.19462,1.13830
0.54517,-0.18661,1.13193
0.54706,-0.18150,1.12684
0.54936,-0.17694,1.12344
0.55242,-0.17176,1.12163
0.55695,-0.17199,1.12245
0.56183,-0.17517,1.12502
0.56688,-0.17797,1.13003
0.56859,-0.17847,1.13344
0.56298,-0.17413,1.13493
0.55799,-0.15846,1.13805
0.55944,-0.15284,1.14465
0.56346,-0.16336,1.15386
0.56800,-0.17112,1.16343
0.56472,-0.17029,1.17289
0.56387,-0.18634,1.19063
0.56697,-0.20648,1.21639
0.57568,-0.21610,1.23338
0.58284,-0.22026,1.23629
0.58945,-0.22250,1.23394
0.59557,-0.22157,1.22260
0.60080,-0.21484,1.20845
0.60435,-0.20279,1.19364
0.60170,-0.19033,1.18321
0.59821,-0.17940,1.17829
0.60026,-0.17858,1.17903
0.60247,-0.18435,1.18579
0.59358,-0.17395,1.19059
0.58475,-0.15047,1.19133
0.58601,-0.14696,1.19377
0.58716,-0.15159,1.20395
0.59280,-0.16874,1.21941
0.59396,-0.17631,1.22828
0.59316,-0.18389,1.23942
0.59625,-0.19597,1.24877
0.59850,-0.19807,1.25149
0.60061,-0.19604,1.25051
0.60152,-0.19004,1.24629
0.60482,-0.18550,1.24026
0.60914,-0.18449,1.23640
0.61453,-0.18420,1.23630
0.61694,-0.17932,1.23251
0.61946,-0.17477,1.22830
0.62370,-0.17565,1.23169
0.62440,-0.17624,1.23583
0.61771,-0.16930,1.23836
0.61236,-0.15291,1.24321
0.61363,-0.16422,1.25915
0.62162,-0.19512,1.28631
0.62287,-0.19673,1.29237
0.61913,-0.18642,1.29121
0.61995,-0.19931,1.30453
0.62337,-0.21274,1.32808
0.63190,-0.22101,1.34535
0.63967,-0.22343,1.34810
0.64588,-0.22399,1.33895
0.65096,-0.22368,1.32735
0.65331,-0.21281,1.31127
0.65403,-0.19931,1.29663
0.65427,-0.19027,1.28755
0.65453,-0.18537,1.28353
0.65625,-0.18450,1.28365
0.65524,-0.18356,1.28366
0.64741,-0.16684,1.28308
0.64007,-0.14796,1.28482
0.63991,-0.14791,1.29061
0.64081,-0.14962,1.30004
0.64322,-0.15350,1.31104
0.64262,-0.15067,1.31672
0.64318,-0.15474,1.32474
0.64340,-0.16303,1.33384
0.64521,-0.17136,1.34013
0.64962,-0.17947,1.34190
0.65419,-0.18433,1.34191
0.65922,-0.18409,1.33635
0.66259,-0.17768,1.32823
0.66448,-0.17029,1.32373
0.66454,-0.16499,1.32411
0.66589,-0.16167,1.32512
0.67151,-0.16592,1.33044
0.67678,-0.17360,1.33862
0.67180,-0.16951,1.34131
0.66596,-0.14747,1.34390
0.66709,-0.14422,1.35142
0.67057,-0.16006,1.36877
0.67257,-0.16549,1.38267
0.66925,-0.16482,1.38831
0.67047,-0.18002,1.40250
0.67751,-0.20591,1.42547
0.68704,-0.21560,1.44035
0.69334,-0.21690,1.43763
0.69853,-0.21483,1.42820
0.70238,-0.20713,1.41280
0.70488,-0.19395,1.39933
0.70487,-0.18214,1.38791
0.70413,-0.17296,1.38255
0.70461,-0.17016,1.38260
0.70791,-0.17320,1.38585
0.70919,-0.17969,1.39036
0.70524,-0.16965,1.39522
0.69522,-0.14562,1.39764
0.69512,-0.14109,1.40255
0.69451,-0.14275,1.41164
0.69829,-0.15009,1.42303
0.69825,-0.14675,1.42599
0.69798,-0.14371,1.42801
0.69845,-0.15138,1.43672
0.69946,-0.16508,1.44885
0.70447,-0.17888,1.45918
0.70697,-0.17901,1.45730
0.70944,-0.17458,1.44537
0.71313,-0.16525,1.43519
0.71584,-0.15853,1.43153
0.71688,-0.15398,1.43124
0.71920,-0.15481,1.43414
0.72442,-0.16269,1.44021
0.72514,-0.16346,1.44574
0.72110,-0.15213,1.45042
0.72038,-0.14891,1.45408
0.72452,-0.16234,1.46594
0.73045,-0.18049,1.48262
0.72808,-0.16462,1.48322
0.72442,-0.15427,1.48435
0.72200,-0.16398,1.50129
0.72427,-0.18894,1.53076
0.73432,-0.21306,1.55124
0.74195,-0.21646,1.54855
0.74873,-0.21352,1.53717
0.75392,-0.20340,1.52068
0.75744,-0.19056,1.50674
0.75685,-0.17958,1.49733
0.75671,-0.17358,1.49499
0.75924,-0.17412,1.49806
0.76185,-0.17940,1.50428
0.75501,-0.16339,1.50535
0.74941,-0.14665,1.50802
0.75108,-0.14364,1.51227
0.75179,-0.14185,1.51892
0.75502,-0.15052,1.53197
0.75649,-0.15432,1.54087
0.75844,-0.15633,1.54594
0.76245,-0.16854,1.55885
0.76725,-0.18287,1.57143
0.77115,-0.18928,1.57584
0.77197,-0.18586,1.57146
0.77222,-0.17963,1.56558
0.77514,-0.17634,1.56090
0.77955,-0.17557,1.55855
0.78323,-0.17536,1.55893
0.78494,-0.17117,1.55920
0.78749,-0.17042,1.56097
0.79377,-0.17512,1.56682
0.79271,-0.17322,1.57181
0.78683,-0.15982,1.57394
0.78573,-0.14997,1.57408
0.78983,-0.15707,1.58525
0.79793,-0.18901,1.61780
0.79181,-0.18025,1.62738
0.78377,-0.16373,1.62556
0.78450,-0.17716,1.63966
0.79327,-0.20379,1.66515
0.80645,-0.21995,1.68025
0.81473,-0.22178,1.67878
0.82084,-0.22260,1.66770
0.82559,-0.21476,1.64884
0.82631,-0.19724,1.63154
0.82490,-0.18473,1.62224
0.82361,-0.17805,1.62070
0.82463,-0.17508,1.62158
0.82829,-0.17812,1.62588
0.82732,-0.17434,1.62844
0.82218,-0.15181,1.62944
0.82191,-0.14319,1.63179
0.82270,-0.14101,1.63753
0.82294,-0.14361,1.65123
0.82837,-0.15734,1.66756
0.83122,-0.16468,1.67589
0.83408,-0.17330,1.68379
0.84021,-0.18414,1.69125
0.84317,-0.18874,1.69375
0.84359,-0.18777,1.69046
0.84257,-0.17787,1.68328
0.84380,-0.17114,1.67772
0.84718,-0.17002,1.67621
0.85022,-0.16972,1.67652
0.85199,-0.16521,1.67557
0.85410,-0.16349,1.67661
0.85949,-0.16938,1.68228
0.85916,-0.16940,1.68743
0.86061,-0.15499,1.68140
0.86194,-0.14916,1.68878
0.86576,-0.16055,1.70392
0.87342,-0.19408,1.73959
0.87123,-0.19428,1.75092
0.86049,-0.17171,1.74265
0.86028,-0.17871,1.74899
0.86587,-0.20808,1.77289
0.87895,-0.22160,1.79387
0.88602,-0.22568,1.79595
0.89421,-0.22669,1.78951
0.90169,-0.22908,1.78385
0.90675,-0.22217,1.77200
0.90779,-0.20658,1.75443
0.90746,-0.19377,1.74030
0.90819,-0.18720,1.73511
0.90908,-0.18485,1.73570
0.90195,-0.17260,1.73394
0.89532,-0.15083,1.73484
0.89636,-0.14690,1.74054
0.89669,-0.14816,1.74791
0.89617,-0.14972,1.76034
0.89682,-0.14779,1.76916
0.89833,-0.14698,1.77265
0.89913,-0.15204,1.78229
0.90234,-0.16821,1.79953
0.90375,-0.18070,1.81095
0.90564,-0.18303,1.81085
0.90636,-0.17870,1.80556
0.90877,-0.17633,1.79999
0.91378,-0.17573,1.79535
0.91872,-0.17195,1.79221
0.92044,-0.16585,1.78919
0.92182,-0.16211,1.78901
0.92663,-0.16440,1.79287
0.93304,-0.17287,1.80153
0.93072,-0.17186,1.80431
0.92416,-0.15255,1.80605
0.92567,-0.15408,1.81659
0.92982,-0.17115,1.83458
0.92923,-0.17248,1.84193
0.92670,-0.15838,1.83960
0.92694,-0.16296,1.84760
0.92713,-0.18386,1.87053
0.93124,-0.20341,1.89252
0.94018,-0.21395,1.90949
0.94928,-0.22098,1.91998
0.95613,-0.22213,1.91382
0.95948,-0.21600,1.89423
0.96200,-0.20179,1.87576
0.96251,-0.18845,1.86131
0.96095,-0.17916,1.85205
0.96156,-0.17425,1.84998
0.96267,-0.17437,1.85236
0.95901,-0.16183,1.85464
0.95408,-0.14804,1.85910
0.95390,-0.14599,1.86649
0.95296,-0.14243,1.87393
0.95348,-0.14085,1.88510
0.95715,-0.14784,1.89410
0.96312,-0.15864,1.90328
0.96730,-0.16947,1.91110
0.96948,-0.17283,1.91451
0.97307,-0.17865,1.91719
0.97384,-0.17701,1.91686
0.97358,-0.17222,1.91455
0.97395,-0.16728,1.91176
0.97649,-0.16680,1.91157
0.98030,-0.16829,1.91255
0.98226,-0.16463,1.91187
0.98623,-0.16530,1.91269
0.99392,-0.17515,1.91962
0.99369,-0.17526,1.92436
0.98629,-0.15490,1.92460
0.98791,-0.14932,1.92967
0.99175,-0.15547,1.94069
0.99523,-0.17166,1.95718
0.99407,-0.16710,1.96297
0.99165,-0.16089,1.96781
0.99169,-0.17185,1.98456
0.99576,-0.18857,2.00125
1.00225,-0.20139,2.00869
1.00744,-0.20439,2.00464
1.01235,-0.19948,1.99784
1.01818,-0.19641,1.99077
1.02075,-0.18912,1.98240
1.02042,-0.18017,1.97692
1.01913,-0.17236,1.97440
1.02041,-0.16788,1.97548
1.02462,-0.17230,1.98092
1.02640,-0.17154,1.98870
1.01862,-0.15258,1.99219
1.01476,-0.13989,1.99439
1.01474,-0.13635,1.99816
1.01763,-0.13923,2.00438
1.01969,-0.14252,2.01024
1.02184,-0.14795,2.01439
1.02480,-0.15851,2.02004
1.02750,-0.16704,2.02744
1.03424,-0.18056,2.03305
1.04117,-0.18983,2.03313
1.04152,-0.18681,2.03152
1.04190,-0.18254,2.02747
1.04184,-0.17703,2.02384
1.04273,-0.17543,2.02359
1.04421,-0.17509,2.02540
1.04580,-0.17261,2.02698
1.04841,-0.17407,2.02927
1.05359,-0.18373,2.03543
1.05349,-0.18440,2.03959
1.04841,-0.17029,2.03934
1.04767,-0.16230,2.04233
1.04866,-0.16222,2.05298
1.04898,-0.16571,2.06589
1.04927,-0.16641,2.07542
1.04919,-0.16572,2.08269
1.04956,-0.17122,2.09287
1.05100,-0.18097,2.10366
1.05434,-0.19234,2.11345
1.05859,-0.20073,2.11841
1.06245,-0.20150,2.11477
1.06635,-0.20294,2.11195
1.07170,-0.20483,2.10958
1.07570,-0.19970,2.10426
1.07787,-0.19048,2.09590
1.07882,-0.18293,2.08878
1.08022,-0.17853,2.08691
1.07832,-0.16936,2.08565
1.07341,-0.15335,2.08587
1.07436,-0.14524,2.08838
1.07614,-0.14167,2.09343
1.07620,-0.14139,2.10234
1.07674,-0.14195,2.11089
1.07894,-0.14686,2.11960
1.08284,-0.15755,2.13419
1.08540,-0.17485,2.14793
1.08642,-0.17913,2.15298
1.08959,-0.18045,2.15263
1.09020,-0.17650,2.15050
1.09326,-0.17864,2.15009
1.09587,-0.18038,2.15183
1.10212,-0.18851,2.15595
1.10821,-0.18927,2.15796
1.11099,-0.18750,2.15794
1.11102,-0.18454,2.15777
1.11556,-0.18931,2.16656
1.12093,-0.19918,2.18280
1.11739,-0.20320,2.19215
1.10417,-0.19362,2.19357
1.09757,-0.18702,2.20122
1.10151,-0.20401,2.22179
1.10788,-0.21246,2.23785
1.10671,-0.20947,2.24033
1.10484,-0.21172,2.24480
1.10281,-0.21638,2.25466
1.10589,-0.22088,2.26545
1.11122,-0.22404,2.27446
1.11296,-0.22171,2.27058
1.11307,-0.21605,2.25816
1.11339,-0.20778,2.24694
1.11697,-0.21110,2.24807
1.12001,-0.21307,2.24896
1.12142,-0.20711,2.24335
1.12077,-0.20391,2.23662
1.12008,-0.19865,2.23026
1.12029,-0.19443,2.22541
1.11766,-0.17982,2.22132
1.11428,-0.16750,2.21955
1.11360,-0.15746,2.21854
1.11853,-0.16166,2.22117
1.12331,-0.16582,2.22362
1.12475,-0.16653,2.22558
1.12862,-0.17261,2.22694
1.13092,-0.17407,2.22679
1.13309,-0.17889,2.22984
1.13489,-0.18187,2.23030
1.13876,-0.18550,2.23287
1.14165,-0.18673,2.23433
1.14321,-0.18714,2.23542
1.14392,-0.19031,2.23520
1.14385,-0.19196,2.23819
1.14564,-0.19640,2.24328
1.14838,-0.20151,2.24881
1.15179,-0.20810,2.25154
1.15117,-0.21009,2.25283
1.14836,-0.21193,2.25407
1.13950,-0.21476,2.25635
1.13405,-0.21608,2.25934
1.13520,-0.21872,2.26063
1.13264,-0.22097,2.26715
1.13384,-0.22239,2.27028
1.13239,-0.22420,2.27203
1.12354,-0.22537,2.27702
1.11259,-0.22640,2.28536
1.11082,-0.22702,2.28586
1.11211,-0.22743,2.28500
1.11469,-0.22702,2.28468
1.11401,-0.22537,2.28605
1.10990,-0.22332,2.29408
1.11125,-0.22422,2.29572
1.11471,-0.22915,2.29249
1.11646,-0.23400,2.29847
1.12125,-0.23557,2.29947
1.12496,-0.23536,2.29899
1.12864,-0.23464,2.30150
1.13033,-0.23410,2.30279
1.13104,-0.23359,2.30357
1.12811,-0.23311,2.30734
1.12429,-0.23400,2.30898
1.12025,-0.23400,2.31028
1.11974,-0.23335,2.30884
1.12056,-0.23288,2.30428
1.12046,-0.23360,2.30279
1.11963,-0.23476,2.30341
1.12175,-0.23502,2.30167
1.12800,-0.23436,2.29609
1.13283,-0.23594,2.29030
1.13257,-0.23815,2.28761
1.13371,-0.23973,2.28279
1.13753,-0.24058,2.27527
1.13987,-0.24263,2.26786
1.13973,-0.24618,2.26262
1.14508,-0.24844,2.25347
1.15530,-0.24981,2.24240
1.16028,-0.24731,2.24135
1.16840,-0.24719,2.23064
1.17766,-0.24737,2.22110
1.18291,-0.25000,2.21761
1.18957,-0.25165,2.21295
1.19587,-0.25490,2.21224
1.20060,-0.25584,2.20996
1.20349,-0.25539,2.20566
1.20423,-0.25523,2.20680
1.20564,-0.25567,2.21104
1.20746,-0.25558,2.21672
1.20840,-0.25476,2.21810
1.20608,-0.25549,2.22036
1.20557,-0.25888,2.22461
1.20218,-0.26291,2.22825
1.20436,-0.26389,2.23320
1.20633,-0.26135,2.22378
1.21091,-0.25901,2.22241
1.20887,-0.25914,2.22339
1.20827,-0.25793,2.21875
1.21551,-0.25735,2.20716
1.21835,-0.25631,2.20283
1.21728,-0.25854,2.20583
1.21911,-0.25757,2.20330
1.22674,-0.25551,2.19683
1.23317,-0.25484,2.19089
1.23202,-0.25457,2.19136
1.23084,-0.25276,2.19180
1.23294,-0.24915,2.18684
1.23366,-0.24773,2.18496
1.23118,-0.24790,2.18678
1.23261,-0.24743,2.18872
1.23555,-0.24791,2.18757
1.23651,-0.24894,2.18727
1.23558,-0.25013,2.18744
1.23529,-0.24935,2.18572
1.23447,-0.24789,2.18566
1.23727,-0.24607,2.18426
1.23590,-0.24340,2.18338
1.23356,-0.24219,2.18308
1.23226,-0.24286,2.18341
1.23359,-0.24537,2.18303
1.23395,-0.24561,2.18299
1.23420,-0.24568,2.18254
1.23688,-0.24529,2.18154
1.23682,-0.24529,2.18209
1.23308,-0.24605,2.18470
1.23159,-0.24544,2.18549
1.23266,-0.24552,2.18421
1.23129,-0.24513,2.18448
1.23135,-0.24504,2.18457
1.23293,-0.24423,2.18414
1.23278,-0.24385,2.18451
1.22971,-0.24361,2.18508
1.22840,-0.24385,2.18481
1.22928,-0.24471,2.18484
1.22905,-0.24612,2.18603
1.22740,-0.24673,2.18676
1.22671,-0.24685,2.18668
1.22724,-0.24699,2.18716
1.22779,-0.24728,2.18778
1.22773,-0.24581,2.18683
1.22785,-0.24521,2.18575
1.22747,-0.24543,2.18593
1.22716,-0.24593,2.18592
1.22672,-0.24635,2.18709
1.22625,-0.24694,2.18897
1.22739,-0.24706,2.18858
1.22776,-0.24706,2.18828
1.22733,-0.24702,2.18798
1.22745,-0.24662,2.18764
1.22842,-0.24642,2.18677
1.22728,-0.24589,2.18673
1.22740,-0.24628,2.18658
1.22731,-0.24649,2.18675
1.22727,-0.24727,2.18739
1.22728,-0.24718,2.18799
1.22684,-0.24738,2.18837
1.22724,-0.24745,2.18855
1.22682,-0.24745,2.18908
1.22674,-0.24748,2.18856
1.22578,-0.24686,2.18805
1.22598,-0.24660,2.18750
1.22711,-0.24671,2.18773
1.22710,-0.24742,2.18826
1.22624,-0.24757,2.18839
1.22593,-0.24752,2.18815
1.22619,-0.24726,2.18765
1.22655,-0.24718,2.18724
1.22619,-0.24734,2.18797
1.22705,-0.24691,2.18807
1.22722,-0.24738,2.18827
1.22608,-0.24712,2.18790
1.22507,-0.24726,2.18796
1.22511,-0.24684,2.18843
1.22522,-0.24681,2.18936
1.22517,-0.24705,2.18966
1.22500,-0.24666,2.18920
1.22484,-0.24672,2.18884
1.22469,-0.24652,2.18873
1.22478,-0.24671,2.18896
1.22471,-0.24715,2.18975
1.22473,-0.24738,2.18969
1.22522,-0.24720,2.18932
1.22532,-0.24649,2.18873
1.22523,-0.24647,2.18877
1.22572,-0.24657,2.18875
1.22567,-0.24673,2.18900
1.22617,-0.24687,2.18964
1.22542,-0.24702,2.18976
1.22579,-0.24703,2.18941
1.22615,-0.24707,2.18943
1.22614,-0.24686,2.18937
1.22656,-0.24676,2.18927
1.22665,-0.24663,2.18884
1.22708,-0.24657,2.18885
1.22674,-0.24626,2.18890
1.22653,-0.24625,2.18925
1.22708,-0.24689,2.18969
1.22782,-0.24711,2.18961
1.22712,-0.24732,2.18962
1.22627,-0.24675,2.18872
1.22613,-0.24672,2.18833
1.22637,-0.24682,2.18853
1.22668,-0.24709,2.18931
1.22703,-0.24729,2.18978
1.22723,-0.24649,2.18917
1.22676,-0.24648,2.18912
1.22668,-0.24615,2.18860
1.22603,-0.24713,2.18947
1.22641,-0.24668,2.18956
1.22601,-0.24673,2.18982
1.22604,-0.24648,2.18874
1.22580,-0.24649,2.18834
1.22608,-0.24640,2.18835
1.22649,-0.24615,2.18908
1.22720,-0.24665,2.19009
1.22754,-0.24630,2.18928
1.22656,-0.24584,2.18858
1.22667,-0.24523,2.18728
1.22696,-0.24542,2.18742
1.22623,-0.24551,2.18819
1.22572,-0.24563,2.18895
1.22584,-0.24598,2.18960
1.22574,-0.24574,2.18968
1.22546,-0.24567,2.18954
1.22534,-0.24557,2.18982
1.22516,-0.24557,2.18985
1.22501,-0.24546,2.18964
1.22461,-0.24586,2.18996
1.22455,-0.24607,2.19063
1.22484,-0.24584,2.19047
1.22431,-0.24580,2.19058
1.22461,-0.24576,2.19073
1.22427,-0.24594,2.19037
1.22457,-0.24612,2.18986
1.22391,-0.24589,2.18990
1.22421,-0.24545,2.18937
1.22402,-0.24561,2.18991
1.22433,-0.24553,2.19021
1.22431,-0.24604,2.19154
1.22449,-0.24608,2.19166
1.22386,-0.24600,2.19177
1.22368,-0.24583,2.19126
1.22337,-0.24568,2.19067
1.22290,-0.24584,2.19125
1.22340,-0.24570,2.19112
1.22423,-0.24548,2.19085
1.22410,-0.24548,2.19153
1.22368,-0.24529,2.19177
1.22407,-0.24532,2.19234
1.22358,-0.24566,2.19249
1.22278,-0.24623,2.19250
1.22192,-0.24629,2.19242
1.22148,-0.24592,2.19161
1.22207,-0.24578,2.19126
1.22213,-0.24577,2.19122
1.22206,-0.24629,2.19270
1.22241,-0.24644,2.19342
1.22308,-0.24616,2.19324
1.22262,-0.24602,2.19315
1.22137,-0.24598,2.19280
1.22123,-0.24628,2.19242
1.22172,-0.24619,2.19252
1.22226,-0.24639,2.19247
1.22193,-0.24617,2.19272
1.22135,-0.24628,2.19331
1.22157,-0.24614,2.19380
1.22245,-0.24627,2.19385
1.22213,-0.24606,2.19410
1.22188,-0.24645,2.19412
1.22134,-0.24644,2.19366
1.22107,-0.24636,2.19296
1.22079,-0.24631,2.19248
1.22047,-0.24619,2.19305
1.22063,-0.24671,2.19407
1.22191,-0.24672,2.19426
1.22268,-0.24651,2.19502
1.22318,-0.24586,2.19462
1.22217,-0.24589,2.19377
1.22198,-0.24592,2.19275
1.22140,-0.24638,2.19305
1.22151,-0.24621,2.19297
1.22147,-0.24637,2.19321
1.22157,-0.24636,2.19311
1.22200,-0.24611,2.19347
1.22342,-0.24570,2.19302
1.22384,-0.24539,2.19298
1.22345,-0.24539,2.19222
1.22226,-0.24549,2.19156
1.22217,-0.24563,2.19077
1.22201,-0.24600,2.19124
1.22260,-0.24615,2.19174
1.22364,-0.24639,2.19260
1.22417,-0.24685,2.19353
1.22438,-0.24667,2.19323
1.22439,-0.24648,2.19226
1.22373,-0.24614,2.19137
1.22375,-0.24650,2.19156
1.22340,-0.24589,2.19141
1.22382,-0.24622,2.19180
1.22393,-0.24599,2.19176
1.22372,-0.24570,2.19233
1.22362,-0.24566,2.19270
1.22335,-0.24608,2.19329
1.22382,-0.24650,2.19338
1.22357,-0.24681,2.19319
1.22287,-0.24657,2.19256
1.22226,-0.24642,2.19234
1.22188,-0.24638,2.19196
1.22157,-0.24669,2.19289
1.22185,-0.24696,2.19366
1.22223,-0.24701,2.19423
1.22239,-0.24691,2.19445
1.22208,-0.24700,2.19426
1.22251,-0.24700,2.19404
1.22247,-0.24689,2.19399
1.22206,-0.24726,2.19389
1.22172,-0.24725,2.19383
1.22151,-0.24757,2.19402
1.22190,-0.24680,2.19326
1.22224,-0.24704,2.19377
1.22244,-0.24679,2.19426
1.22249,-0.24736,2.19509
1.22212,-0.24746,2.19528
1.22168,-0.24707,2.19445
1.22126,-0.24696,2.19442
1.22136,-0.24638,2.19393
1.22143,-0.24665,2.19438
1.22160,-0.24672,2.19471
1.22198,-0.24691,2.19496
1.22180,-0.24710,2.19545
1.22129,-0.24711,2.19466
1.22056,-0.24716,2.19460
1.22059,-0.24702,2.19449
1.22096,-0.24727,2.19450
1.22095,-0.24730,2.19493
1.22045,-0.24720,2.19520
1.22059,-0.24717,2.19530
1.22086,-0.24689,2.19555
1.22136,-0.24704,2.19567
1.22116,-0.24716,2.19567
1.22079,-0.24692,2.19548
1.22041,-0.24687,2.19564
1.22020,-0.24644,2.19482
1.21990,-0.24660,2.19517
1.22044,-0.24616,2.19526
1.22134,-0.24631,2.19534
1.22165,-0.24639,2.19596
1.22112,-0.24631,2.19627
1.22052,-0.24669,2.19613
1.22017,-0.24650,2.19526
1.21968,-0.24721,2.19564
1.21980,-0.24689,2.19539
1.21965,-0.24742,2.19574
1.21980,-0.24727,2.19555
1.21980,-0.24761,2.19603
1.22047,-0.24709,2.19591
1.22043,-0.24664,2.19574
1.22090,-0.24677,2.19626
1.22100,-0.24696,2.19594
1.22059,-0.24710,2.19564
1.21992,-0.24664,2.19529
1.21908,-0.24701,2.19558
1.22006,-0.24669,2.19536
1.22004,-0.24682,2.19599
1.22078,-0.24695,2.19616
1.22098,-0.24691,2.19595
1.22008,-0.24676,2.19580
1.21957,-0.24693,2.19531
1.21957,-0.24686,2.19528
1.22021,-0.24672,2.19479
1.22012,-0.24709,2.19482
1.21999,-0.24686,2.19501
1.22002,-0.24715,2.19538
1.21995,-0.24667,2.19564
1.22019,-0.24644,2.19627
1.22032,-0.24666,2.19717
1.22024,-0.24669,2.19683
1.22029,-0.24667,2.19633
1.21973,-0.24608,2.19549
1.22044,-0.24576,2.19489
1.22034,-0.24588,2.19557
1.22015,-0.24583,2.19611
1.21962,-0.24631,2.19700
1.21971,-0.24650,2.19633
1.21915,-0.24673,2.19611
1.21839,-0.24690,2.19607
1.21866,-0.24693,2.19588
1.21920,-0.24698,2.19616
1.21882,-0.24716,2.19681
1.21886,-0.24713,2.19721
1.21916,-0.24733,2.19836
1.21911,-0.24729,2.19846
1.21853,-0.24717,2.19767
1.21804,-0.24697,2.19729
1.21771,-0.24716,2.19840
1.21853,-0.24745,2.19830
1.21842,-0.24762,2.19813
1.21805,-0.24720,2.19775
1.21790,-0.24685,2.19773
1.21809,-0.24669,2.19804
1.21791,-0.24641,2.19880
1.21842,-0.24704,2.19995
1.21805,-0.24691,2.20046
1.21791,-0.24686,2.19926
1.21659,-0.24660,2.19848
1.21599,-0.24669,2.19721
1.21581,-0.24708,2.19682
1.21610,-0.24714,2.19731
1.21680,-0.24753,2.19899
1.21758,-0.24680,2.19993
1.21760,-0.24684,2.20083
1.21768,-0.24640,2.20083
1.21771,-0.24609,2.20055
1.21739,-0.24613,2.20056
1.21722,-0.24602,2.20010
1.21709,-0.24690,2.19990
1.21612,-0.24688,2.19970
1.21570,-0.24710,2.19982
1.21562,-0.24705,2.19978
1.21612,-0.24710,2.19981
1.21613,-0.24743,2.20094
1.21636,-0.24716,2.20070
1.21664,-0.24705,2.20035
1.21681,-0.24676,2.19985
1.21579,-0.24693,2.20000
1.21503,-0.24708,2.20064
1.21545,-0.24714,2.20033
1.21545,-0.24741,2.20084
1.21523,-0.24750,2.20063
1.21558,-0.24739,2.19999
1.21580,-0.24757,2.20003
1.21566,-0.24709,2.19962
1.21497,-0.24738,2.20013
1.21538,-0.24695,2.20025
1.21602,-0.24748,2.20005
1.21630,-0.24697,2.19974
1.21546,-0.24689,2.19939
1.21524,-0.24686,2.19888
1.21576,-0.24678,2.19964
1.21625,-0.24715,2.20068
1.21698,-0.24681,2.20034
1.21692,-0.24706,2.20028
1.21682,-0.24678,2.19953
1.21652,-0.24677,2.19927
1.21590,-0.24678,2.19874
1.21574,-0.24678,2.19856
1.21618,-0.24695,2.19886
1.21607,-0.24677,2.19866
1.21585,-0.24686,2.19912
1.21629,-0.24697,2.19942
1.21727,-0.24672,2.19937
1.21696,-0.24623,2.19888
1.21636,-0.24607,2.19879
1.21642,-0.24616,2.19913
1.21754,-0.24643,2.20009
1.21737,-0.24648,2.19969
1.21658,-0.24637,2.19923
1.21578,-0.24622,2.19925
1.21647,-0.24612,2.19919
1.21700,-0.24611,2.19953
1.21695,-0.24620,2.19993
1.21738,-0.24667,2.19995
1.21758,-0.24648,2.19959
1.21683,-0.24668,2.19941
1.21635,-0.24665,2.19887
1.21656,-0.24646,2.19895
1.21599,-0.24696,2.20040
1.21596,-0.24702,2.20106
1.21559,-0.24735,2.20153
1.21571,-0.24696,2.20109
1.21540,-0.24698,2.20134
1.21639,-0.24653,2.20054
1.21582,-0.24663,2.20052
1.21549,-0.24671,2.20060
1.21557,-0.24667,2.20119
1.21542,-0.24710,2.20177
1.21535,-0.24701,2.20138
1.21474,-0.24694,2.20094
1.21477,-0.24682,2.20020
1.21526,-0.24666,2.20055
1.21584,-0.24671,2.20186
1.21669,-0.24672,2.20251
1.21656,-0.24635,2.20189
1.21530,-0.24637,2.20215
1.21511,-0.24642,2.20166
1.21528,-0.24667,2.20192